SPEA-2：
NoA	NoS	Metrics			
			      HS	    AO	   SO
3	14	HV	0.9964	0.9765	0.9935
	  	IGD	0.0042	0.1535	0.096
3	16	HV	0.9974	0.9779	0.9971
  		IGD	0.0026	0.1011	0.0746
4	16	HV	0.9979	0.982  0.9838
	  	IGD	0.0027	0.1079	0.021
4	17	HV	0.9944	0.9768	0.9808
	  	IGD	0.0057	0.1231	0.0144
5	17	HV	0.9968	0.9656	0.9945
	  	IGD	0.0028	0.1702	0.0819
5	19	HV	0.9953	0.9538	0.9577
	  	IGD	0.0054	0.2222	0.0553
6	17	HV	0.9967	0.9928	0.9948
	  	IGD	0.0032	0.1106	0.0215
6	20	HV	0.993	 0.9605	0.9865
	  	IGD	0.0032	0.1297	0.0809
7	18	HV	0.9966	0.9573	0.9855
  		IGD	0.0041	0.1628	0.1052
7	19	HV	0.9962	0.9833	0.9975
	  	IGD	0.0057	0.1588	0.0141

NSGA-III：
NoA	NoS	Metrics			
			      HS	    AO	   SO
3	14	HV	0.9957	0.975	  0.993
	  	IGD	0.0044	0.0547	0.0367
3	16	HV	0.9971	0.9728	0.9943
  		IGD	0.0035	0.0506	0.0361
4	16	HV	0.9978	0.9778	0.9828
	  	IGD	0.0075	0.0912	0.0226
4	17	HV	0.9914	0.9645	0.98
	  	IGD	0.0123	0.083	  0.0148
5	17	HV	0.9961	0.9661	0.9934
	  	IGD	0.0025	0.0742	0.0363
5	19	HV	0.9932	0.9389	0.957
	  	IGD	0.0098	0.124	  0.0389
6	17	HV	0.996	 0.9771	0.9917
	  	IGD	0.003  0.0806	0.0679
6	20	HV	0.9928	0.9837	0.9838
  		IGD	0.0028	0.0482	0.0581
7	18	HV	0.9924	0.9535	0.9837
  		IGD	0.0059	0.0919	0.0759
7	19	HV	0.9949	0.9911	0.9968
	  	IGD	0.0072	0.0761	0.006
